30 60
28
9.0 24.0 7.0 0.0
9.0 8.0 18.0 38.0
11.0 9.0 7.0 32.0
9.0 17.0 4.0 43.0
4.0 24.0 3.0 17.0
4.0 8.0 0.0 46.0
1.0 6.0 0.0 54.0
1.0 5.0 3.0 41.0
4.0 17.0 3.0 0.0
3.0 6.0 18.0 18.0
5.0 3.0 13.0 43.0
12.0 5.0 18.0 13.0
12.0 13.0 18.0 0.0
14.0 14.0 13.0 46.0
14.0 2.0 4.0 41.0
2.0 2.0 16.0 0.0
3.0 8.0 27.0 38.0
9.0 8.0 7.0 24.0
12.0 14.0 18.0 24.0
2.0 12.0 16.0 15.0
3.0 6.0 1.0 54.0
9.0 6.0 21.0 18.0
2.0 5.0 16.0 27.0
2.0 13.0 16.0 2.0
3.0 18.0 0.0 16.0
3.0 14.0 27.0 46.0
3.0 16.0 0.0 0.0
3.0 12.0 0.0 34.0
49.944
