32 32.0
27
3.0 3.0 4.0 13.0
3.0 4.0 4.0 16.0
3.0 5.0 26.0 0.0
3.0 6.0 16.0 0.0
3.0 7.0 29.0 0.0
3.0 8.0 23.0 24.0
3.0 9.0 10.0 23.0
3.0 10.0 13.0 0.0
3.0 11.0 20.0 21.0
3.0 12.0 0.0 20.0
3.0 13.0 4.0 0.0
3.0 14.0 7.0 18.0
3.0 15.0 16.0 6.0
3.0 18.0 7.0 0.0
3.0 22.0 13.0 10.0
3.0 23.0 10.0 0.0
3.0 24.0 23.0 0.0
3.0 25.0 29.0 7.0
3.0 27.0 26.0 5.0
4.0 3.0 19.0 18.0
4.0 4.0 0.0 16.0
4.0 5.0 3.0 20.0
4.0 6.0 0.0 10.0
4.0 7.0 3.0 25.0
4.0 10.0 0.0 0.0
4.0 11.0 16.0 21.0
4.0 18.0 19.0 0.0
24.153
