60 90
73
6 34 26 84
3 13 47 87
5 13 47 85
12 10 50 78
12 10 50 78
7 6 54 83
15 6 54 75
7 25 35 83
15 25 35 75
12 21 39 78
7 16 44 83
5 16 44 85
3 21 39 87
5 21 39 85
7 5 55 83
5 5 55 85
1 4 56 89
10 4 56 80
13 6 54 77
13 12 48 77
9 12 48 81
6 23 37 84
3 7 53 87
5 7 53 85
1 2 58 89
10 2 58 80
6 6 54 84
5 6 54 85
7 14 46 83
6 14 46 84
3 16 44 87
5 16 44 85
6 14 46 84
5 14 46 85
13 14 46 77
2 3 57 88
7 3 57 83
2 11 49 88
7 11 49 83
7 6 54 83
6 6 54 84
14 33 27 76
4 12 48 86
3 12 48 87
18 16 44 72
3 12 48 87
18 12 48 72
4 4 56 86
3 4 56 87
1 3 57 89
2 3 57 88
9 6 54 81
9 6 54 81
1 6 54 89
2 6 54 88
7 5 55 83
18 5 55 72
9 3 57 81
9 3 57 81
18 9 51 72
5 6 54 85
2 6 54 88
12 2 58 78
9 2 58 81
3 8 52 87
9 8 52 81
9 10 50 81
5 3 57 85
2 3 57 88
18 3 57 72
7 3 57 83
3 2 58 87
9 2 58 81