30 60
28
5.0 7.0 5.0 14.0
5.0 14.0 23.0 46.0
8.0 14.0 8.0 35.0
8.0 4.0 8.0 49.0
13.0 21.0 17.0 0.0
11.0 7.0 8.0 53.0
11.0 14.0 5.0 21.0
5.0 14.0 5.0 0.0
5.0 4.0 23.0 42.0
3.0 18.0 5.0 35.0
3.0 21.0 16.0 21.0
11.0 17.0 19.0 25.0
11.0 4.0 19.0 21.0
4.0 7.0 19.0 53.0
4.0 5.0 19.0 48.0
7.0 6.0 16.0 42.0
5.0 18.0 0.0 0.0
5.0 3.0 0.0 36.0
3.0 7.0 5.0 53.0
3.0 5.0 16.0 48.0
4.0 18.0 13.0 3.0
4.0 3.0 13.0 0.0
2.0 12.0 28.0 48.0
2.0 6.0 28.0 42.0
5.0 18.0 0.0 18.0
5.0 21.0 0.0 39.0
3.0 17.0 10.0 4.0
3.0 4.0 10.0 0.0
190.572
